0,0.0,0.0,0.0
200,0.87,0.34114,-0.35599
200,0.86203,-0.39965,0.31174
200,0.8862,0.32428,0.3309
200,0.84579,-0.38088,-0.37358
200,-0.84259,0.50306,0.19228
200,-0.88396,-0.44537,-0.14231
200,-0.87466,0.21603,-0.43394
200,-0.86278,-0.15777,0.48033
200,0.27403,0.76812,-0.5787
200,-0.22823,0.94299,0.24223
200,-0.40686,0.81819,-0.40624
200,0.45185,0.88934,0.07007
200,-0.30432,-0.92561,-0.22501
200,0.25841,-0.78249,0.56651
200,0.38614,-0.91799,-0.0905
200,-0.43848,-0.78984,0.42882
200,0.40285,0.08674,-0.91115
200,-0.46029,-0.4265,-0.77861
200,0.22534,-0.60267,-0.76551
200,-0.28396,0.26547,-0.92136
200,0.44539,-0.11315,0.88816
200,-0.38694,0.45409,0.80254
200,0.30832,0.58229,0.75224
200,-0.24922,-0.24586,0.93672
200,0.99903,-0.04141,-0.01491
200,-0.00302,0.56627,-0.82422
200,0.04263,0.8375,0.54476
200,0.02815,0.98316,-0.18058
200,0.68674,-0.17112,-0.70647
200,0.7333,0.12345,0.6686
200,-0.03297,-0.2043,-0.97835
200,0.723,0.67574,-0.14369
200,0.68277,-0.72287,0.10622
400,0.86861,0.34078,-0.35971
400,0.86208,-0.39728,0.31462
400,0.88677,0.32103,0.33254
400,0.84412,-0.37969,-0.37855
400,-0.84346,0.50076,0.19445
400,-0.88419,-0.44313,-0.14781
400,-0.87385,0.21495,-0.43611
400,-0.86075,-0.15792,0.48391
400,0.27748,0.7637,-0.5829
400,-0.22771,0.94272,0.24376
400,-0.40638,0.81693,-0.40925
400,0.45244,0.88872,0.07404
400,-0.30297,-0.92493,-0.22959
400,0.2564,-0.7816,0.56864
400,0.38786,-0.91685,-0.09458
400,-0.43637,-0.78833,0.43372
400,0.4031,0.08474,-0.91122
400,-0.45967,-0.42371,-0.7805
400,0.2264,-0.59807,-0.7688
400,-0.28444,0.26233,-0.92211
400,0.44545,-0.11404,0.88802
400,-0.38767,0.45074,0.80408
400,0.30658,0.5802,0.75457
400,-0.25126,-0.24346,0.9368
400,0.99906,-0.03943,-0.01783
400,-0.00323,0.5621,-0.82706
400,0.04264,0.83546,0.5479
400,0.02799,0.98225,-0.18547
400,0.6859,-0.16768,-0.70812
400,0.73234,0.12011,0.67027
400,-0.03283,-0.19929,-0.97939
400,0.72376,0.67423,-0.14696
400,0.68484,-0.71993,0.11268
600,0.86904,0.33893,-0.3604
600,0.86221,-0.39642,0.31535
600,0.88676,0.31928,0.33424
600,0.84444,-0.37861,-0.37891
600,-0.84383,0.49929,0.19662
600,-0.88491,-0.44136,-0.14876
600,-0.87328,0.21363,-0.43788
600,-0.86065,-0.15498,0.48504
600,0.27706,0.76299,-0.58403
600,-0.22811,0.94199,0.24622
600,-0.4059,0.81569,-0.41219
600,0.45351,0.88805,0.07552
600,-0.30252,-0.9247,-0.23112
600,0.25581,-0.78032,0.57066
600,0.38826,-0.91655,-0.09593
600,-0.43693,-0.78653,0.43642
600,0.40264,0.08382,-0.91151
600,-0.45856,-0.42152,-0.78233
600,0.22708,-0.59701,-0.76943
600,-0.28368,0.26031,-0.92291
600,0.4444,-0.11289,0.88868
600,-0.38738,0.44923,0.80506
600,0.30657,0.57949,0.75512
600,-0.25051,-0.2418,0.93743
600,0.99903,-0.03909,-0.02045
600,-0.00324,0.56208,-0.82708
600,0.04265,0.83477,0.54895
600,0.02788,0.98164,-0.18871
600,0.68501,-0.16664,-0.70922
600,0.73146,0.11914,0.6714
600,-0.03283,-0.19928,-0.97939
600,0.72394,0.67327,-0.15038
600,0.68484,-0.71993,0.11267
800,0.86879,0.33794,-0.36194
800,0.86189,-0.39605,0.31667
800,0.88668,0.31896,0.33477
800,0.84469,-0.37694,-0.38002
800,-0.84377,0.49902,0.19757
800,-0.88485,-0.44121,-0.14959
800,-0.87308,0.21299,-0.43861
800,-0.86003,-0.1553,0.48604
800,0.27658,0.76224,-0.58523
800,-0.22856,0.94179,0.24655
800,-0.40632,0.81458,-0.41396
800,0.45361,0.8879,0.07663
800,-0.30414,-0.92405,-0.23158
800,0.25615,-0.77955,0.57156
800,0.38853,-0.91628,-0.09737
800,-0.43648,-0.78681,0.43636
800,0.40214,0.08345,-0.91176
800,-0.45892,-0.4205,-0.78267
800,0.22644,-0.59656,-0.76996
800,-0.28399,0.26004,-0.92289
800,0.44443,-0.11132,0.88887
800,-0.38746,0.44896,0.80518
800,0.30634,0.57836,0.75608
800,-0.25089,-0.24165,0.93737
800,0.999,-0.03892,-0.02177
800,-0.00329,0.56104,-0.82778
800,0.04265,0.83408,0.54999
800,0.02786,0.98156,-0.18911
800,0.68505,-0.16518,-0.70952
800,0.73143,0.11855,0.67153
800,-0.03283,-0.19927,-0.97939
800,0.72452,0.67268,-0.15028
800,0.6849,-0.7196,0.11439
1000,0.86881,0.3375,-0.3623
1000,0.86223,-0.39551,0.31644
1000,0.88673,0.3183,0.33526
1000,0.84453,-0.3771,-0.38021
1000,-0.84393,0.49848,0.19825
1000,-0.88478,-0.44088,-0.15096
1000,-0.87303,0.21271,-0.43883
1000,-0.86006,-0.15431,0.4863
1000,0.2765,0.7621,-0.58545
1000,-0.22822,0.94159,0.24762
1000,-0.40655,0.81445,-0.41398
1000,0.45347,0.88793,0.07717
1000,-0.30363,-0.92409,-0.2321
1000,0.25563,-0.77946,0.57193
1000,0.38802,-0.91643,-0.098
1000,-0.43665,-0.78629,0.43713
1000,0.40241,0.08305,-0.91168
1000,-0.45863,-0.42044,-0.78287
1000,0.22664,-0.59595,-0.77038
1000,-0.28363,0.25929,-0.92321
1000,0.44399,-0.11179,0.88903
1000,-0.38676,0.44863,0.8057
1000,0.30657,0.5778,0.75642
1000,-0.25052,-0.24102,0.93763
1000,0.99905,-0.03764,-0.02176
1000,-0.00332,0.56041,-0.82821
1000,0.04266,0.8334,0.55102
1000,0.02782,0.98132,-0.19034
1000,0.68503,-0.1657,-0.70942
1000,0.73108,0.11828,0.67196
1000,-0.0328,-0.19828,-0.9796
1000,0.72447,0.67241,-0.15166
1000,0.6853,-0.71906,0.11535
1200,0.86852,0.33757,-0.36293
1200,0.86218,-0.3951,0.31709
1200,0.88668,0.31825,0.33544
1200,0.8446,-0.37605,-0.38109
1200,-0.84405,0.49803,0.19887
1200,-0.88501,-0.44029,-0.15133
1200,-0.87278,0.21181,-0.43977
1200,-0.85997,-0.15408,0.48653
1200,0.27651,0.76137,-0.58639
1200,-0.22818,0.94153,0.24791
1200,-0.40674,0.81412,-0.41446
1200,0.45339,0.88795,0.07731
1200,-0.30343,-0.92391,-0.23305
1200,0.25629,-0.77908,0.57215
1200,0.38837,-0.91617,-0.09895
1200,-0.43676,-0.78595,0.43764
1200,0.40244,0.08224,-0.91174
1200,-0.45873,-0.41948,-0.78333
1200,0.22647,-0.59542,-0.77084
1200,-0.2839,0.25897,-0.92322
1200,0.44408,-0.11093,0.88909
1200,-0.3865,0.44815,0.80609
1200,0.30609,0.57752,0.75682
1200,-0.24997,-0.24092,0.9378
1200,0.99906,-0.03695,-0.02258
1200,-0.00334,0.56,-0.82849
1200,0.04266,0.8334,0.55103
1200,0.02782,0.98132,-0.19033
1200,0.68475,-0.16493,-0.70987
1200,0.73083,0.11751,0.67237
1200,-0.03281,-0.19844,-0.97956
1200,0.72473,0.67194,-0.15253
1200,0.68553,-0.71893,0.11483
1400,0.86871,0.33674,-0.36325
1400,0.86217,-0.39466,0.31765
1400,0.88657,0.31782,0.33613
1400,0.8444,-0.37591,-0.38167
1400,-0.84407,0.49817,0.1984
1400,-0.88515,-0.44004,-0.15127
1400,-0.87272,0.21214,-0.43972
1400,-0.85996,-0.15392,0.4866
1400,0.27631,0.76118,-0.58674
1400,-0.22817,0.94138,0.24847
1400,-0.40673,0.81389,-0.41492
1400,0.45345,0.88787,0.07787
1400,-0.30375,-0.92368,-0.23358
1400,0.25632,-0.77873,0.5726
1400,0.38826,-0.91618,-0.09935
1400,-0.4367,-0.78562,0.43828
1400,0.40195,0.08209,-0.91198
1400,-0.45853,-0.41976,-0.78329
1400,0.22679,-0.59512,-0.77098
1400,-0.2833,0.25868,-0.92349
1400,0.44426,-0.1106,0.88905
1400,-0.38654,0.44787,0.80622
1400,0.30646,0.57721,0.75691
1400,-0.24971,-0.241,0.93785
1400,0.99904,-0.03716,-0.02303
1400,-0.00336,0.5597,-0.82869
1400,0.04266,0.8332,0.55132
1400,0.0278,0.98119,-0.19103
1400,0.68481,-0.16434,-0.70994
1400,0.73091,0.11741,0.6723
1400,-0.03279,-0.19785,-0.97968
1400,0.72495,0.67179,-0.15217
1400,0.68546,-0.71888,0.11551
1600,0.8686,0.33679,-0.36347
1600,0.86225,-0.39424,0.31797
1600,0.88655,0.31785,0.33615
1600,0.84449,-0.37598,-0.38142
1600,-0.84428,0.49772,0.19865
1600,-0.88519,-0.43975,-0.15183
1600,-0.87261,0.21177,-0.44011
1600,-0.85962,-0.15371,0.48726
1600,0.27646,0.76118,-0.58666
1600,-0.22826,0.94127,0.2488
1600,-0.40672,0.81382,-0.41506
1600,0.4536,0.88778,0.07804
1600,-0.30348,-0.92374,-0.23366
1600,0.25619,-0.77868,0.57274
1600,0.3882,-0.91619,-0.09949
1600,-0.43691,-0.78562,0.43808
1600,0.40212,0.08239,-0.91187
1600,-0.45828,-0.41928,-0.7837
1600,0.22687,-0.59491,-0.77111
1600,-0.28338,0.25852,-0.9235
1600,0.4438,-0.1106,0.88928
1600,-0.38671,0.44728,0.80647
1600,0.30636,0.57693,0.75716
1600,-0.25004,-0.24055,0.93788
1600,0.99907,-0.03658,-0.02287
1600,-0.00337,0.55948,-0.82884
1600,0.04266,0.83288,0.55181
1600,0.0278,0.98121,-0.19094
1600,0.6846,-0.1648,-0.71004
1600,0.73074,0.11694,0.67256
1600,-0.03278,-0.1974,-0.97977
1600,0.72487,0.67173,-0.1528
1600,0.68564,-0.71864,0.11597
1800,0.86865,0.33643,-0.36367
1800,0.86216,-0.39451,0.31788
1800,0.8867,0.31745,0.33612
1800,0.84441,-0.37555,-0.38202
1800,-0.84432,0.4975,0.19902
1800,-0.88522,-0.43959,-0.15216
1800,-0.87268,0.21161,-0.44006
1800,-0.85984,-0.15336,0.48698
1800,0.2765,0.76092,-0.58698
1800,-0.22814,0.94127,0.24894
1800,-0.40672,0.81367,-0.41535
1800,0.45371,0.88772,0.07816
1800,-0.30356,-0.92357,-0.23422
1800,0.25602,-0.77858,0.57295
1800,0.38873,-0.91592,-0.09988
1800,-0.43676,-0.78555,0.43835
1800,0.40208,0.08216,-0.91191
1800,-0.45847,-0.41908,-0.7837
1800,0.2265,-0.5948,-0.77131
1800,-0.28345,0.2584,-0.92352
1800,0.44388,-0.11016,0.88929
1800,-0.38694,0.44699,0.80652
1800,0.30649,0.57677,0.75723
1800,-0.24993,-0.24032,0.93796
1800,0.99905,-0.03679,-0.02318
1800,-0.00338,0.5593,-0.82896
1800,0.04266,0.83278,0.55196
1800,0.02779,0.98112,-0.19142
1800,0.68446,-0.16439,-0.71027
1800,0.73062,0.11697,0.67268
1800,-0.03279,-0.19761,-0.97973
1800,0.725,0.67149,-0.15325
1800,0.68578,-0.71845,0.11632
2000,0.86859,0.33629,-0.36396
2000,0.86225,-0.39422,0.31799
2000,0.88664,0.3173,0.33645
2000,0.8444,-0.37537,-0.3822
2000,-0.84435,0.49738,0.19921
2000,-0.88515,-0.43966,-0.15237
2000,-0.87267,0.21112,-0.44032
2000,-0.85969,-0.15317,0.4873
2000,0.27633,0.76072,-0.58732
2000,-0.22801,0.94122,0.24924
2000,-0.40671,0.81356,-0.41558
2000,0.45372,0.88768,0.07847
2000,-0.30347,-0.92356,-0.23439
2000,0.25607,-0.77839,0.57319
2000,0.3887,-0.91594,-0.09982
2000,-0.43689,-0.78528,0.4387
2000,0.40214,0.08176,-0.91192
2000,-0.4583,-0.41876,-0.78396
2000,0.22659,-0.59466,-0.77138
2000,-0.28332,0.25819,-0.92362
2000,0.44384,-0.11001,0.88932
2000,-0.38682,0.44726,0.80643
2000,0.30659,0.57665,0.75728
2000,-0.25003,-0.24024,0.93796
2000,0.99906,-0.03646,-0.02353
2000,-0.00339,0.55916,-0.82905
2000,0.04266,0.83257,0.55228
2000,0.02779,0.98114,-0.19131
2000,0.68453,-0.16403,-0.71029
2000,0.73052,0.11665,0.67286
2000,-0.03278,-0.19728,-0.9798
2000,0.72493,0.67147,-0.15365
2000,0.6857,-0.71853,0.1163
